1
1
1.00005
1.00014
1.00028
1.00048
1.00073
1.00103
1.00141
1.00186
1.00239
1.00301
1.00374
1.00461
1.00562
1.00683
1.00825
1.00994
1.01193
1.01423
1.01671
1.01888
1.01945
1.01731
1.0187
1.04276
1.036
1.05171
1.05882
1.05961
1.06155
1.67428
58.283
58.346
58.2835
58.3292
64.7436
64.8229
67.9412
76.7726
76.7265
76.7416
188.13
188.143
187.907
190.331
188.887
240.827
240.967
240.472
240.792
1.00656
1.02383
1.0342
1.03089
1.03458
1.06645
1.09949
1.11154
1.10545
1.12376
1.16644
1.16587
1.16546
1.16959
1.17667
1.18213
1.18549
1.17355
1.05916
1.04088
1.04896
1.05108
1.05064
1.05101
1.05209
1.0022
1.00504
1.00706
1.0284
1.10216
1.32457
1.34556
1.34209
1.33288
1.3273
1.32784
1.32921
1.3319
1.33282
1.25358
1.47288
11.738
12.1102
12.2995
12.3373
3363.54
3993.13
3993.45
3993.66
3995.1
80.7214
81.2148
132.509
132.511
214.944
213.559
213.551
221.956
255.003
244.405
231.473
246.138
287.917
287.912
461.283
1093.75
2662.87
3092.57
3146.8
3438.18
3851.44
5555.21
6840.77
6854.36
7863.96
109.6
109.819
109.823
713.504
713.678
714.817
902.797
918.416
914.089
921.615
1313.83
1313.63
1319.5
1322.01
1364.46
1367.23
1383.2
1416.39
1486.54
1486.51
1504.77
1500.71
2308.93
2441.34
4698.72
187.675
211.441
210.909
210.866
213.609
255.641
255.646
262.71
276.239
276.239
1121.52
1843.13
1843.12
1845.73
1850.26
1852.74
1898.57
2225.24
2213.26
2688.05
5908.97
7034.09
7362.1
7326.93
8021.74
49.2555
49.4782
55.9574
56.0308
56.0351
53.9957
56.0788
344.707
436.681
436.983
437.13
452.567
460.885
860.936
867.291
1067.9
1074.46
1105.19
1147.69
1688.49
3094.81
4010.54
5687.98
6055.42
6273.27
702.841
702.805
965.503
3043.84
3049.3
3276.58
3294.66
3404.5
3509.56
3507.45
4432.91
4427.58
4984.23
4966.33
5025.03
5054.62
5474.03
5462.08
5501.52
6081.47
6174.52
7067.92
7772.31
7789.04
11784.5
627.992
628.737
649.431
648.381
651.762
807.672
1133.58
2319.82
2546.4
2539.35
2539.6
2536.84
2699.21
2704.23
2706.31
3297.02
3297.92
3294.79
5112.01
4881.92
5447.21
5533.58
8136.8
9191.08
9457.26
507.791
677
680.339
666.577
1184.99
1881.79
3853.82
4605.52
5587.35
6192.08
7374.68
8902.95
8912.7
10331.9
11756.3
11859.6
11766.8
12215.9
12334.2
12349.6
12726.8
12867.8
13360.2
13866.5
14564.3
2211.08
2450.33
4232.95
7200.58
6913.12
10473.3
10974
11094.4
11936.8
12000.3
12138.1
12307.6
14544.3
15774.4
16597
19449.1
19838.3
20094.2
23552
23836.1
26260.9
26258.5
28303
31259.5
31631.1
1295.08
1325.88
1326.53
1335.06
4159.41
4204.41
4206.67
4215.22
4217.03
4203.51
4169.19
4258.99
4270.03
4270.49
4573.53
7757.18
7757.06
7454
7548.75
8038.76
8132.59
9498.42
9613.08
10808.8
10882.3
623.809
648.849
637.828
721.047
730.121
1308.27
1419.8
1495.09
1612.29
1561.2
1660.82
3400.64
6846.67
7092.95
7686.68
8926.71
9950.97
10756.7
11978.4
12626.4
13355.7
13425.1
15182.5
15227
15273.9
617.609
616.368
607.942
546.368
670.852
674.773
1111.95
1112.91
1117.16
1136.34
1412.92
1526.6
1591.76
1663.66
1652.95
9659.96
10831.9
10858.5
11476.9
12526.7
12486
13998.7
14008.5
14483
14497.8
55.8714
338.691
336.415
336.786
336.95
337.319
782.084
900.029
908.846
1441.8
3750.85
3929.07
3994.95
5759.83
9230.66
14050.9
14144.9
15552
15620.8
16790.4
18705.6
20066.9
20868.8
22294.1
24628.3
407.415
407.508
407.572
405.812
460.5
506.129
506.146
506.125
508.283
513.353
522.568
726.297
726.494
742.866
1336.27
2330.87
2192.42
2198.82
2204.65
2203.69
2231.23
2264.86
2294.59
2384.21
2943.4
268.091
358.1
357.945
359.067
302.71
342.077
352.196
590.781
665.042
808.842
900.98
934.173
1139.71
3323.22
3577.5
3780.03
4431.95
4424.42
5571.13
6943.55
7257.16
7110.32
7537.78
7430.83
7803.54
1545.4
2283.02
2302.31
2533.25
5117.19
5230.96
5247.7
5936.31
8762.26
8751.37
9016.66
9029.88
9066.6
9095.74
9543.19
9659.2
9591.12
9739.61
10674.3
11003
17536.3
20690.3
24146.7
24493.7
27997.8
412.647
412.667
493.425
497.534
686.054
3064.41
3070.81
3145.04
3689.15
3694.03
3742.04
3838.27
3858.94
4103.86
4927.25
4914.54
6327.55
8109.79
9131.23
9086.48
10965.3
12006.3
12569.9
13084.3
15189.7
254.019
255.287
258.566
287.403
288.342
2559.49
2987.48
3059.11
3940.58
3941.33
4064.08
4560.2
4530.36
4539.59
5826.31
5826.7
6425.83
6427.22
7134.72
7219.83
12207.2
12279.6
12322.5
12225
12339.8
59.5811
128.894
933.935
935.707
935.258
935.743
935.48
1038.21
1000.91
1473.4
1480.31
1526.73
1704.61
3840.3
11579.1
10694.9
12105.2
12105.8
12054.5
12070.3
12043.4
12050.9
12052.3
13578.9
16181.4
107.739
1405.92
1406.02
1420.72
1416.71
1729.54
1740.08
1740.11
1960.71
1990.2
2183.24
2226.1
2222.45
2310.78
4080.27
4134.54
4246.79
4258.63
4341.54
4819.55
5174.66
6439.74
6471.73
6996.17
7277.28
1039.78
951.012
979.969
998.18
1011.87
1017.87
1067.01
1455.21
1453.1
1453.95
1745.64
1759.51
1738.35
3669.19
3786.62
6615.05
6677.92
8341.95
11502.3
16213.4
16263.7
16293.3
16288.5
16323.2
16398.9
48.8002
50.3555
1483.47
1483.49
1483.47
1484.59
1484.54
1486.24
1495.95
1485.62
1511.21
1510.81
1567.83
1809.81
2213.12
2284.84
4023.39
4409.75
4429.81
4457.53
4398.59
4398.55
4478.44
4602.09
4628.07
153.989
154.68
155.318
566.89
566.932
567.318
575.099
576.854
577.751
588.634
666.382
667.91
673.996
586.724
600.339
604.762
720.428
738.935
858.545
922.432
1324.57
1419.32
1699.54
3399.19
3430.32
1170.57
2142.16
2098.85
2138.8
2289.39
2393.66
2393.93
2389.54
2419.69
2418.41
2435.22
2695.12
2700.71
2783.38
2559.23
2996.41
2997.4
3002.93
6025.72
6128.8
6823.88
9044.66
9023.69
9152.06
9816.9
7.91711
8.13685
8.27506
8.28296
8.3142
8.42453
8.50552
8.47641
8.45626
8.47635
8.45562
8.47006
11.1255
259.541
259.62
238.689
238.475
262.902
269.586
286.085
286.4
288.397
652.297
654.275
665.365
1.11624
1.52703
1.70297
107.142
107.227
108.591
108.608
113.743
114.18
114.179
114.16
114.416
115.362
129.058
129.134
130.417
131.208
132.448
132.603
130.742
140.343
139.258
139.292
139.298
140.175
2.28295
2.43127
2.53989
2.56416
2.54886
2.67255
2.70345
2.89404
3.23682
3.60242
3.65563
4.11344
4.39273
4.38974
4.39035
4.39221
4.39399
4.39332
4.58341
4.944
4.96025
5.11586
31.9452
31.9561
31.9565
4.98392
5.10465
831.028
985.522
1104.21
1104.4
1104.5
1104.95
1105.21
1105.35
1117.03
1166.62
1160.98
1159.3
1189.55
1189.64
1189.57
1342.52
1343.62
2370.89
3211.35
3274.61
3274.87
5192.82
5355.51
21.2236
26.6361
26.6905
26.4352
26.4416
26.4403
26.6106
34.3524
35.4032
35.5807
35.7203
97.7412
335.484
335.572
335.58
335.597
335.645
487.302
456.792
1619.39
1636.38
1641.23
1641.69
1659.99
1664.44
119.92
120.402
144.831
145.3
148.572
188.548
194.807
612.314
615.805
620.44
620.106
2488.87
2657.27
2683.33
2757.43
2760.8
2773.73
2782.43
5327.42
6221.42
6230.79
6540.65
6770.72
6884.84
6943.13
32.0179
32.2826
35.9358
842.274
842.298
847.179
847.328
851.566
851.484
851.511
692.708
693.187
693.277
744.187
847.664
881.543
1103.43
1151.1
1107.73
1114.13
1175.91
1273.43
1274.22
1297
1732.92
53.9893
60.9945
132.384
132.555
170.012
192.777
192.926
217.176
218.146
233.708
233.813
235.581
235.576
1027.22
1027.28
1029.02
1226.82
1824.45
2613.91
2621.47
2620.59
2612.27
2613.74
2874.64
3539.43
27.4357
31.3379
37.7437
38.5308
39.3445
41.3502
175.872
176.63
177.446
993.291
993.351
1002.01
1181.12
1494.88
1491.01
1588.47
2385.24
2355.81
2554.22
2589.33
2668.24
2802.55
4469.08
6669.69
6513.58
95.6081
95.0771
117.082
118.49
227.518
234.518
1292.17
1293.48
1464
3506.49
3531.72
3594.07
3529.05
4430.8
4590.35
5123.75
5106.19
4997.43
10172.5
7633.93
9563.3
9559.98
9585.29
9771.04
10413.2
41.1884
41.3017
41.2985
41.3064
41.3314
41.3595
51.7025
51.8875
52.6949
60.4577
315.405
315.834
574.8
653.953
703.462
703.493
724.377
896.833
912.609
912.428
911.86
906.894
984.155
997.598
998.047
1.14906
1.18766
1.21283
1.22774
1.22845
1.39799
1.74916
1.75672
1.75384
1.66817
1.67006
1.74565
1.74024
7.30947
129.154
131.562
131.573
727.626
728.12
728.153
728.134
799.823
799.934
799.919
802.3
64.3803
64.8189
68.231
68.4874
1656.29
1656.26
1656.43
1678.99
1740.07
1733.81
1758.46
1757.64
1816.73
1893.45
1898.25
1919.78
1947.53
1971.36
3559.58
3624.99
3629.57
3629.5
3676.4
5053.76
