1
1.00152
1.00603
1.01344
1.02368
1.03662
1.05195
1.06908
1.0869
1.10344
1.1155
1.1189
1.11083
1.09419
1.07715
1.06494
1.05609
1.04762
1.0389
1.03156
1.02956
1.03704
1.05366
1.07567
1.09963
1.12272
1.02001
1.0381
1.05309
1.06278
1.06509
1.06052
1.0521
1.04364
1.03963
1.04426
1.05731
1.07448
1.09266
1.11002
1.12302
1.12795
1.12464
1.1171
1.11078
1.10921
1.11323
1.12138
1.13006
1.13503
1.13451
0.997695
0.997145
0.997703
0.998432
0.999938
1.00248
1.00517
1.00681
1.00693
1.00725
1.01203
1.02405
1.03882
1.04895
1.05261
1.05279
1.05167
1.04883
1.04418
1.0395
1.03623
1.0332
1.02887
1.02465
1.02332
1.00411
1.014
1.02473
1.03105
1.03156
1.02733
1.02002
1.01015
0.997402
0.984903
0.979389
0.981483
0.986595
0.993138
1.00119
1.00883
1.01218
1.00958
1.0048
1.00448
1.01121
1.01957
1.02236
1.02231
1.02667
1.00571
1.00974
1.01328
1.01581
1.01687
1.01941
1.02659
1.03584
1.04092
1.03847
1.02999
1.01949
1.01049
1.00506
1.00368
1.00526
1.00876
1.01339
1.01705
1.01707
1.01187
1.00177
0.990218
0.98248
0.98027
1.00028
1.00115
1.00531
1.01639
1.03172
1.04528
1.05386
1.05625
1.05245
1.04407
1.03387
1.026
1.02467
1.02964
1.03589
1.03855
1.03655
1.03231
1.02872
1.02712
1.02709
1.02639
1.02366
1.02156
1.02443
1.00827
1.0185
1.02783
1.03555
1.04126
1.04445
1.04507
1.04258
1.0354
1.02344
1.00948
0.996201
0.982723
0.968564
0.960068
0.964451
0.979974
0.998762
1.01525
1.02795
1.03714
1.04326
1.04663
1.04795
1.04939
1.00406
1.00991
1.01367
1.01248
1.00643
0.997461
0.986225
0.97233
0.95796
0.94793
0.945427
0.949165
0.956524
0.966677
0.977625
0.986816
0.995997
1.00645
1.01441
1.01654
1.01438
1.01205
1.01164
1.01206
1.01256
1.00188
1.00557
1.00915
1.00985
1.00567
0.997056
0.987723
0.981485
0.978579
0.976491
0.973614
0.971882
0.973496
0.977029
0.979351
0.977742
0.973144
0.970216
0.972105
0.979076
0.989978
1.00073
1.00502
0.998684
0.982592
0.980533
0.966491
0.961286
0.962267
0.966305
0.971969
0.978727
0.986531
0.995271
1.00438
1.01219
1.01592
1.0138
1.0068
0.998082
0.991351
0.988674
0.988444
0.986213
0.980343
0.974684
0.973652
0.977757
0.984097
0.989419
1.00316
1.0049
1.00618
1.00546
0.999993
0.989802
0.97853
0.970062
0.963496
0.955977
0.949656
0.949601
0.957737
0.971442
0.985985
0.996876
1.00153
1.0013
1.00057
1.00232
1.00511
1.00481
0.999254
0.990562
0.98282
0.995678
0.995091
0.997896
1.00406
1.01169
1.01727
1.01847
1.01521
1.00981
1.00579
1.00435
1.00304
1.00052
0.998784
0.999592
1.00259
1.00644
1.00965
1.00975
1.00511
1.00405
1.01675
1.03569
1.04884
1.05099
0.990148
0.970802
0.946918
0.923935
0.908508
0.906414
0.916419
0.930748
0.942688
0.950259
0.954213
0.955964
0.957414
0.961225
0.969679
0.981353
0.990658
0.99286
0.98836
0.982134
0.978902
0.979371
0.981784
0.983598
0.981812
0.995074
0.991418
0.988673
0.983374
0.976605
0.972412
0.97441
0.984155
1.00023
1.01853
1.03444
1.04513
1.0502
1.05107
1.04936
1.04518
1.03798
1.02827
1.01713
1.00568
0.994538
0.987338
0.989121
0.995343
1.00035
1.00471
1.01049
1.01623
1.01939
1.01809
1.0124
1.00488
1.00118
1.00402
1.00702
1.00307
0.992427
0.980061
0.970122
0.963301
0.9595
0.960518
0.966643
0.975198
0.987262
1.00449
1.02221
1.03553
1.0422
1.04157
0.993211
0.982658
0.97153
0.962112
0.954276
0.947941
0.945614
0.949206
0.955472
0.959334
0.959674
0.959037
0.961736
0.970633
0.982977
0.993566
1.00007
1.00187
0.996771
0.982646
0.962753
0.949979
0.953914
0.966548
0.977796
1.00602
1.00673
1.00667
1.01061
1.01675
1.01946
1.01691
1.01269
1.01081
1.01153
1.01305
1.01389
1.01276
1.00906
1.00394
0.998182
0.990595
0.981719
0.974148
0.969363
0.967167
0.965226
0.96011
0.951218
0.942551
0.99678
1.00082
1.00816
1.01642
1.0279
1.0436
1.06028
1.07251
1.07585
1.06999
1.05971
1.05154
1.04808
1.04541
1.03844
1.02721
1.01563
1.0074
1.00572
1.01355
1.02961
1.04841
1.06545
1.07861
1.0862
1.00143
0.998316
0.992708
0.986364
0.980391
0.97569
0.97232
0.9695
0.966098
0.960788
0.952874
0.943498
0.935275
0.930204
0.92912
0.932954
0.94183
0.952935
0.961295
0.962949
0.957543
0.947933
0.938482
0.934427
0.938666
1.00915
1.01728
1.02131
1.01937
1.01096
0.99906
0.989535
0.987499
0.994951
1.00961
1.02542
1.03665
1.04081
1.03741
1.02751
1.01533
1.00694
1.0053
1.00862
1.01282
1.01524
1.01546
1.01231
1.00536
0.999824
1.00055
1.00354
1.00597
1.01276
1.02863
1.04863
1.06414
1.0709
1.0694
1.06313
1.05551
1.04842
1.04362
1.04241
1.04425
1.04698
1.04813
1.04606
1.0403
1.03112
1.01888
1.00553
0.996782
0.997204
1.00224
1.00252
1.00278
1.0042
1.0072
1.00862
1.00415
0.993467
0.982301
0.977375
0.980401
0.988413
0.99812
1.00936
1.02219
1.03353
1.04168
1.04754
1.05168
1.05356
1.0533
1.0527
1.05375
1.05717
1.06174
1.06419
0.997004
0.98637
0.96809
0.945939
0.926818
0.918686
0.92684
0.947895
0.9702
0.983006
0.983398
0.976563
0.970434
0.969488
0.973403
0.980046
0.987252
0.993466
0.998296
1.00085
0.999308
0.993713
0.986816
0.980741
0.97729
1.00117
1.00602
1.01152
1.01513
1.01586
1.0145
1.01347
1.01644
1.0245
1.03272
1.03482
1.02891
1.01712
1.00272
0.988679
0.977629
0.971728
0.972437
0.978584
0.986501
0.99418
1.00215
1.01025
1.01645
1.01929
1.0004
0.999884
0.998561
0.995646
0.99178
0.990399
0.994808
1.00416
1.01454
1.02332
1.02973
1.03222
1.03019
1.0262
1.02224
1.01752
1.01221
1.00919
1.01127
1.01747
1.02393
1.02813
1.02983
1.02999
1.02969
0.999477
0.997453
0.992075
0.983352
0.974542
0.97031
0.973584
0.982501
0.991203
0.996204
0.998124
0.998028
0.996476
0.995617
0.997616
1.00105
1.0037
1.00596
1.00797
1.00785
1.00494
1.00136
0.999102
0.997448
0.994341
0.994437
0.987824
0.983584
0.985348
0.994467
1.00769
1.01743
1.01718
1.00697
0.992193
0.978738
0.969829
0.966643
0.970288
0.98112
0.997277
1.01555
1.03075
1.03695
1.03368
1.02643
1.02041
1.01619
1.01189
1.00675
0.995206
0.992108
0.991322
0.993523
0.999042
1.00638
1.0129
1.01739
1.01991
1.0192
1.01481
1.00988
1.00707
1.00534
1.00452
1.00667
1.01009
1.00959
1.0038
0.996753
0.993488
0.996056
1.00343
1.01324
1.02264
1.00646
1.00823
1.00409
0.995633
0.988831
0.988954
0.994116
0.999026
1.00128
1.00132
0.999725
0.996754
0.994686
0.996523
1.00033
1.00115
0.997758
0.993703
0.992181
0.991338
0.987383
0.979776
0.97228
0.968828
0.968866
1.00133
1.00304
1.00548
1.0097
1.01596
1.02227
1.02574
1.02519
1.02327
1.02569
1.03293
1.03898
1.04074
1.03978
1.03833
1.03903
1.04429
1.0513
1.05287
1.04917
1.04853
1.05122
1.05399
1.05559
1.05471
0.996468
0.989129
0.978302
0.968312
0.963452
0.964155
0.966519
0.965798
0.961959
0.959489
0.96112
0.964956
0.96756
0.96772
0.967139
0.969021
0.976077
0.988335
1.00242
1.01337
1.01789
1.01618
1.01121
1.00745
1.00812
1.00398
1.00618
1.00103
0.987277
0.971303
0.963807
0.968634
0.980463
0.994963
1.01002
1.02321
1.03238
1.03683
1.03748
1.0352
1.03012
1.02203
1.01083
0.998585
0.989771
0.986784
0.986753
0.986981
0.98828
0.992723
1.00918
1.02177
1.03257
1.0366
1.03229
1.02051
1.00596
0.997082
0.999456
1.01106
1.02469
1.0327
1.03242
1.02801
1.02168
1.01104
0.997441
0.988262
0.992268
1.00811
1.0238
1.03133
1.03051
1.02443
1.01628
0.994241
0.995619
1.00222
1.00579
1.00048
0.986919
0.971763
0.963157
0.965218
0.974857
0.984103
0.987865
0.985652
0.978777
0.969241
0.959009
0.948912
0.940197
0.937812
0.946761
0.965181
0.986173
1.00325
1.01289
1.01409
0.993841
0.983981
0.976856
0.977487
0.984344
0.992322
0.997661
0.998251
0.993239
0.983575
0.972277
0.963034
0.958148
0.957348
0.957917
0.957739
0.956298
0.952111
0.946923
0.946532
0.950958
0.955628
0.958038
0.958333
0.957793
0.999191
0.997122
0.991595
0.981842
0.972144
0.970678
0.98229
1.00278
1.02303
1.03673
1.04201
1.04016
1.03471
1.02955
1.0267
1.02525
1.02259
1.01684
1.00622
0.988353
0.965575
0.948277
0.945868
0.955365
0.967977
1.00871
1.01139
1.01236
1.01597
1.0226
1.03107
1.04071
1.05011
1.05652
1.05748
1.05329
1.04681
1.04036
1.03415
1.02842
1.02391
1.02015
1.01642
1.01331
1.0107
1.00649
1.00131
0.998882
1.0002
1.00194
0.998926
0.994845
0.98941
0.98364
0.978522
0.975506
0.974972
0.97661
0.980395
0.986116
0.993142
0.999372
1.00109
0.996181
0.986941
0.977569
0.967452
0.957475
0.952991
0.949595
0.941554
0.931722
0.926492
0.929494
0.938882
1.01103
1.01999
1.02604
1.02959
1.03234
1.03515
1.0367
1.03585
1.03352
1.03019
1.02397
1.01428
1.00524
1.00331
1.01172
1.02686
1.0402
1.04397
1.03566
1.02072
1.0101
1.01082
1.01956
1.02733
1.02852
0.996146
0.991633
0.989201
0.990003
0.994084
1.00093
1.00866
1.01263
1.00892
0.997779
0.983588
0.973529
0.974055
0.983873
0.99565
1.00552
1.01331
1.01823
1.01954
1.01889
1.01815
1.01683
1.01466
1.01325
