1
1.01109
1.07883
1.17269
1.29121
1.43036
1.58093
1.72517
1.8399
1.92227
2.0045
2.11791
2.27754
2.50519
2.81422
3.1042
3.34207
3.57366
3.81343
4.00422
4.26289
4.6051
4.94741
5.39686
6.03494
6.58726
1.86533
3.37041
3.98878
3.95809
3.99637
4.76458
5.41981
6.001
6.13105
6.46242
7.10907
8.63555
9.83916
10.8766
12.4402
17.0027
24.0336
24870.5
25433
5.83469e+07
5.87265e+07
1.62683e+16
1.62686e+16
2.20659e+16
1.0397e+18
5.46068e+21
5.46068e+21
5.46068e+21
5.46068e+21
5.46069e+21
5.46069e+21
5.46069e+21
5.46069e+21
5.46069e+21
5.4607e+21
5.4607e+21
5.4607e+21
5.4607e+21
5.4607e+21
5.4607e+21
5.4607e+21
5.4607e+21
5.4607e+21
5.4607e+21
5.4607e+21
5.4607e+21
1.9695e+22
1.9695e+22
1.9695e+22
1.9695e+22
1.41522e+11
1.41522e+11
1.41522e+11
1.73278e+11
4.22885e+11
4.22885e+11
4.22885e+11
4.22885e+11
4.22889e+11
4.22889e+11
4.22897e+11
4.22897e+11
4.22897e+11
4.22897e+11
4.22897e+11
4.22897e+11
4.35083e+11
4.35083e+11
4.35262e+11
4.35262e+11
4.35262e+11
4.35262e+11
4.35262e+11
4.35262e+11
4.35262e+11
719439
719440
729987
729986
729986
729987
729987
729987
729987
729987
729987
729992
729992
729992
729992
729992
729992
729992
729992
729992
730998
2.08586e+17
8.53584e+18
8.53584e+18
8.53584e+18
1.00343
1.01135
1.01781
1.02108
56.3106
56.156
56.1694
4.63185e+13
4.63185e+13
5.99939e+17
5.99939e+17
5.99939e+17
5.99939e+17
5.99939e+17
5.99939e+17
5.99939e+17
5.99939e+17
5.99939e+17
5.99939e+17
5.99939e+17
5.99939e+17
5.99939e+17
5.99939e+17
5.99939e+17
5.99939e+17
1.11411
1.22696
1.24137
1.26293
1.29625
1.29263
1.29041
1.28936
1.2917
256693
256693
256693
256693
256694
256694
256694
256694
1.34202e+06
1.34202e+06
1.34202e+06
1.34202e+06
1.34202e+06
1.34202e+06
1.34202e+06
1.34202e+06
1.00434
1.01553
1.02782
1.03699
1.0424
1.04494
1.04533
1.04381
1.04074
1.03822
1.04041
1.05558
958.874
958.914
946.483
946.483
1126.65
1126.18
6.4543e+14
6.4543e+14
6.4543e+14
6.4543e+14
6.4543e+14
6.4543e+14
6.4543e+14
6.43695e+06
6.43695e+06
6.43695e+06
6.43695e+06
6.43695e+06
6.43695e+06
6.43695e+06
6.43695e+06
6.43695e+06
6.43695e+06
6.43695e+06
6.43695e+06
6.43695e+06
6.43695e+06
6.43695e+06
6.43695e+06
6.43695e+06
6.43695e+06
6.43695e+06
6.43695e+06
6.43695e+06
6.43695e+06
6.43695e+06
6.45024e+06
6.45024e+06
1.01103
1.03744
2.37603e+06
2.37603e+06
2.70656e+06
2.70656e+06
2.70656e+06
2.70656e+06
2.70656e+06
2.70656e+06
2.70656e+06
2.70656e+06
2.70694e+06
2.70694e+06
2.70694e+06
2.70694e+06
2.70694e+06
2.70694e+06
2.70694e+06
5.58745e+08
5.58745e+08
5.58759e+08
5.6723e+08
5.6723e+08
5.6723e+08
1.00589
1.02085
1.03675
1.04843
1.05589
1.06202
1.06754
1.07201
1.07473
1.07536
1.07453
1.07476
1.07894
1.08718
1.12197
1.15812
1.16921
1.17206
1.17334
1.1714
1.17103
1.18999
1.21962
1.23994
1.24842
0.998967
0.994131
0.98862
0.985381
1.79452
1.88197
1.90769
1.88371
3.01306
3.02308
3.01175
3.00097
3.00096
7389.14
7390.2
7390.59
2.89706e+13
2.89706e+13
2.89706e+13
2.89706e+13
2.89706e+13
2.89706e+13
2.89706e+13
2.89706e+13
2.89706e+13
1.01107
1.03796
1.06398
1.0814
1.09159
1.09757
1.10104
1.1028
1.10346
1.10416
1.10638
1.11026
1.11572
1.12617
6.9187e+07
6.9187e+07
6.9187e+07
6.9187e+07
6.91871e+07
2.29248e+08
2.29248e+08
2.29248e+08
2.29248e+08
2.29254e+08
2.29254e+08
1.00573
934090
934090
934090
934090
934090
934090
934090
934090
934090
934090
934090
934090
934090
934090
934090
934090
934090
934090
934090
934090
934090
934090
934090
934090
1.01165
1.04085
1.07118
1.09326
1.10699
1.11456
1.11741
1.11881
1.12394
1.13194
1.13874
1.14642
1.15585
1.165
1.17815
1.20109
1.22709
1.24273
1.24294
2.03995e+12
2.03995e+12
2.03995e+12
2.03995e+12
2.03995e+12
2.03995e+12
1.00736
1.02668
1.04912
1.06782
1.08131
1.09095
1.09827
1.10505
1.11397
1.12743
1.14385
1.15777
1.16508
1.27167e+14
1.27167e+14
1.27167e+14
1.27167e+14
1.27167e+14
1.27167e+14
1.27167e+14
1.27167e+14
1.27167e+14
1.27167e+14
1.27167e+14
1.27167e+14
1.00622
1.02301
1.04422
1.06438
1667.56
1690.4
1598.32
2.74001e+15
2.74001e+15
2.74001e+15
2.74001e+15
2.74001e+15
2.74001e+15
2.74001e+15
2.74001e+15
2.74001e+15
2.74001e+15
2.74001e+15
2.74001e+15
2.74003e+15
2.74003e+15
2.74003e+15
2.74003e+15
2.74003e+15
2.74003e+15
35.89
101776
294902
294902
294902
294902
294902
294902
4.19869e+08
4.19869e+08
4.19869e+08
4.19869e+08
4.19869e+08
4.19869e+08
4.19869e+08
4.1987e+08
4.19901e+08
4.19907e+08
4.20163e+08
4.20163e+08
4.20163e+08
4.20163e+08
4.20163e+08
4.20163e+08
4.20163e+08
59918.3
59917.2
59916.7
492664
493191
493191
1.32959e+11
1.3296e+11
1.3296e+11
1.3296e+11
1.3296e+11
1.3296e+11
1.3296e+11
1.3296e+11
1.3296e+11
1.3296e+11
1.3296e+11
1.3296e+11
1.3296e+11
1.32962e+11
1.32962e+11
1.32962e+11
1.32962e+11
1.32962e+11
1.32962e+11
4.38328
4.08617
5.39615
5.72461
5.68567
5.65454
5.87634
5.28481
74.9646
74.9097
1.02707e+07
1.02707e+07
1.06726e+07
1.06726e+07
1.06726e+07
1.06726e+07
1.06726e+07
1.06726e+07
1.06726e+07
1.14998e+07
1.14998e+07
1.14998e+07
1.14998e+07
1.14998e+07
