0
8.72307e-25
4.30204e-24
9.21145e-24
1.33063e-23
1.41604e-23
1.52386e-23
1.84697e-23
2.06761e-23
2.21958e-23
3.00389e-23
4.02074e-23
4.08274e-23
3.8437e-23
4.86008e-23
6.33807e-23
6.6784e-23
7.65927e-23
1.07066e-22
1.21894e-22
1.15561e-22
1.37722e-22
1.84817e-22
1.95546e-22
1.94208e-22
2.5854e-22
3.49516e-22
3.73576e-22
3.70213e-22
4.5043e-22
5.69755e-22
6.29967e-22
6.93764e-22
8.79647e-22
1.07864e-21
1.14655e-21
1.26815e-21
1.61079e-21
1.90497e-21
2.10715e-21
2.55652e-21
3.13188e-21
3.40941e-21
3.98159e-21
5.26302e-21
5.80371e-21
6.35908e-21
8.82462e-21
1.08168e-20
1.12865e-20
1.48903e-20
2.03829e-20
2.18777e-20
3.06621e-20
4.47939e-20
1.24625e-18
4.15378e-16
4.47818
389.987
1506.21
1506.21
1508.8
1516.58
1516.76
1517.31
1517.31
1517.31
1517.31
1517.31
1517.31
1517.31
1517.31
1517.31
1517.31
1517.31
1517.31
1517.31
1517.31
1517.31
1517.31
1517.31
1517.31
1517.31
1517.31
1517.31
1517.31
1517.31
1517.31
1517.31
1517.31
1517.31
1517.31
1517.31
1517.31
1517.31
1517.31
1517.31
1517.31
1517.31
1517.31
